6946861
584849
3670129
1966202
3277055
3932466
8388923
7340362
3277134
917923
1442212
2228655
8389042
786873
7361953
4500215
6554062
6947283
7471612
3539509
3539550
6684775
4063882
1049244
7602289
4063931
8913629
4981483
7996168
9044840
5614405
5637042
7734201
5899216
4326403
3015723
132184
656546
3409098
263404
1705236
394527
57620
9045344
8783221
1443200
4294735
3409307
1967516
7996863
1574389
1540
6817311
525885
983308
9176666
5113482
1836692
5113496
4458140
3147433
7341743
1312490
788230
9045775
8738439
3147602
6555481
1574748
5900158
5658267
1968060
1705927
8521735
8914957
4851844
8652955
2403361
2302
5245249
6555994
1313137
2316010
7342483
8128919
8653216
7604665
8915407
7864743
2206803
2621871
2230854
4065869
6969110
3148431
3934897
6772512
3541720
4459247
265033
2493343
5639097
6818753
3804180
2624560
2624574
5508166
3182
3935356
6425782
7343392
5639513
1576298
6425972
6950267
7209540
265636
7998888
2032202
789973
7999008
3804727
8130108
8654453
6295175
8785600
528155
8392504
2756470
5509025
9175712
4631889
9179124
3280893
397338
7082054
2228928
874518
790678
1970347
6820086
266592
2709563
2757028
922091
1446437
5942716
3112787
1708676
3692653
5378712
7475880
398033
3674839
1970918
2757368
1839977
4984
2119832
660376
3019695
2888675
2946222
4199446
7738402
267303
7214142
9049181
5641379
5772461
5117186
2626854
1571409
6428034
4461960
4724157
3452501
9095850
5772873
2758223
7476832
5760
1617515
2797165
5641960
268045
7214933
3146728
3676037
3015664
3807141
4986794
4986807
6166494
4855776
6118
6166506
7215127
2234439
8656975
4462677
6297693
661605
8525933
2234485
1054863
3020946
9088708
3736602
6307
2496729
2797263
530753
3714422
3938667
9181559
3676547
1705028
1186204
5935968
2628146
8264244
2709945
8788569
2366062
662131
3676821
9045123
8657741
2993976
8788832
793510
5249990
3021801
4070386
2104354
7740454
459955
3808336
1711186
6167652
1224550
3939490
5512387
1318092
3808493
1318160
4594969
9001519
3808551
8002856
2235698
6692194
4726146
6561189
328953
1056217
6430225
2760224
8396338
269879
3153477
532095
7216782
3808920
2104987
532199
2367227
7062058
1711910
8527740
139247
1318907
1843222
5382168
6445743
2891823
8265780
3678307
3547341
7741684
3154178
5906720
153042
1057169
7319622
4596147
8397250
4071908
1450497
926224
8397338
1843779
6562399
5353583
8528546
2106023
7217843
926414
3416834
271131
3810096
4195806
7086979
1844112
271271
2237407
4989926
4858941
3810383
4072534
3099120
3679356
2892946
9184452
1582327
664878
7349580
9184598
4203882
2106731
271824
3548771
8136302
6694562
6432460
1683746
4597498
1189627
8267517
7350039
927555
7481169
4204387
6432679
2754210
7887868
9185272
927738
141317
4597774
8398863
8327519
3942483
403547
9054354
6039712
154658
8792282
2500922
2107749
3549591
5646747
2763166
1190308
722675
5253575
6433237
7481855
8137254
6695529
3418743
5122680
6564513
1976998
5332081
3418811
10958
5778147
6695713
1846059
273201
404281
6433639
6468071
4205438
8268715
1487352
8259416
3943454
3943455
7744605
2108518
89277
3026039
6827137
3157137
6254739
5288485
6302972
9186565
5647712
4337031
2633113
3943845
9055676
4206029
6041103
7089680
667169
2108977
1453637
3550803
4327356
2675847
1977993
405140
7220891
8531735
3944217
6172453
7614279
405323
2383160
1322878
5910415
405419
5255176
7745559
4075553
7614596
3420293
143523
4043480
5386522
1454384
2765109
2765195
4862348
536980
5255635
5463460
8904049
2241082
2894105
1585756
2634347
4808135
6435542
6435574
3027720
4207369
5141840
2634530
5780260
8401741
6566766
3868822
406444
1192888
2110400
5125070
2396564
6173725
1717322
2372699
4600926
8664162
3290311
537898
1586502
4076899
7353727
275850
1553310
3945915
6774351
7878162
13854
2373185
4470366
5125755
9188994
6567568
2766488
3159718
4732636
373714
6043411
7878422
6730714
5388083
257599
5781310
3684169
5257047
7878495
985405
4601730
3946389
3422104
931737
6961164
8665108
46090
7616655
538775
9189541
8665263
932028
8272137
6992941
9189702
14677
1980789
801156
8272293
3291580
6044121
5388762
1587681
6830599
6568490
8141376
1194654
4602581
1456864
5944450
670549
4439223
8403831
1850243
4078475
7582873
2374553
6568869
8535010
8544082
6044675
2252633
8535073
8141865
2112574
2374741
3816557
3292271
7355506
9059479
5922673
9199481
7748850
1588503
7355682
5913915
5127524
3030424
4865436
7255282
147013
2768460
2506317
2637394
3899258
5914276
1851054
3423924
2244297
1064655
2375396
8011537
6438679
3292963
2113340
2506576
8282083
1982374
4866029
2768915
2768945
16443
5700611
3424327
8667219
3162211
7094372
4604126
6308101
5783833
7991993
2638190
3031407
4473200
6963585
7881114
8274340
2245029
1065423
4066046
5128712
2638407
1983048
7932685
658191
8798817
17000
4604522
3847613
4866673
5259912
8012498
8405774
17168
2507541
2376495
5260089
4080457
541523
1459032
2114400
3989746
6833046
6308768
7881639
8406002
6702072
5391418
7881823
5260405
4197227
9192587
3294374
4211887
2507978
5653747
7561439
6281135
3556695
935277
8144268
3950044
8806657
1328655
4605496
3819141
935564
149167
8406761
5392123
8144641
7227155
2639660
2056498
6178657
5916551
280473
1329053
7620544
3295229
1204574
2115671
7227485
1890456
6032422
1198415
6310270
4213141
6316444
3557838
3951071
4082146
8407549
4999700
9062990
8669793
7359077
7621250
1460881
6572701
9063070
4213447
1723197
8145750
2771802
412602
7359435
19450
2378757
3427345
8042330
1592392
2209635
3820637
7097474
937157
1330407
2116876
3738864
6573485
9047288
413144
243629
6704666
6704670
2379302
6049368
2903644
282207
6966892
964555
3166040
5246268
2379638
3166087
7229391
1183062
6311949
6574101
462175
4722021
7098468
5132417
8016028
1724575
2117797
7491763
3012207
2380005
4608247
3821822
1986818
2078765
3428696
8409453
2511222
3924398
2249112
4477349
4215216
3428795
1987021
152028
1987049
5132822
1987221
4477622
3953365
3953387
807700
6312773
2249554
3691376
5526431
3036115
5395412
152534
1947814
8079443
3822656
6753807
4478085
1594587
8934625
4787755
8934718
1201509
9065831
5002668
8672780
1725975
3429912
8934954
7362113
6837838
3324188
8541876
1070816
6706918
2785305
3036937
3561239
1070883
1070884
1464149
4872042
2381723
9197501
1857481
4741081
6445080
6969421
3692669
4610284
3954974
1071410
8018232
3561872
6314402
2251185
9198020
1333751
6838776
285204
1727009
3562026
4372920
2906744
6052478
7101115
5528253
9198334
5921540
3562250
4479823
9198446
7887782
7232429
6052782
8936384
8281025
8149959
3300307
2513886
4479988
2776067
7038130
5135502
3892435
6839563
6053132
4241966
2383176
6708590
5791149
6839744
548316
1072640
1203762
679485
4067258
5267101
7364270
6446805
1072884
7364352
7495462
3432329
8383479
7495617
91474
3432496
155705
9199779
6447304
2702467
2253128
5661010
4219246
156036
1991084
5398960
5203361
1335764
7496176
8675826
8108812
3564129
8151677
4219535
3957397
4219589
680688
5181573
7234351
1467231
6710170
3040240
6710782
5006353
2691256
1598567
5530759
8938679
3695847
8676681
6448478
6295782
1598832
157055
3433917
1861069
419288
2341809
3040821
5531190
1074745
6055486
5924489
1992341
7497433
419557
5662449
1861373
5552549
5662513
9179448
8808307
812966
8698866
813047
419877
2123878
4614289
6056100
4483253
5662933
4876547
1795800
6973740
900147
4483401
5925201
3959144
8677752
4526487
5532082
5269955
4090333
843255
5007851
7891440
5925368
7236095
2124298
9202224
1469054
3304065
8284802
419610
7236291
289488
551680
7105382
2386796
8022920
682902
7760793
1862606
1862659
1338382
7629839
1338481
1862798
2387146
5008589
7236822
6057248
159022
3173679
8154508
3042733
3849462
28191
2649709
1994355
3436191
8131193
2518761
1470190
683760
1470359
4485019
6320066
7630798
8810452
4616150
4878332
5271567
7237696
2781269
5795946
6582436
8024232
8155333
2912476
7631146
8417722
7631299
8286678
3830260
4616720
4461316
5796392
8417851
1864252
1602112
5665391
4223662
7238403
6845257
5927754
8024919
7107462
8287124
1340322
1209272
2126781
4486121
4617201
8418294
3306519
5272655
2126932
2520150
8549471
8549484
7369859
816294
4355242
7388702
5534918
5403878
8156393
5141763
7632208
1734061
7894455
1471953
9074144
6059490
1053623
30291
1341052
6190733
6190791
6584022
4617948
4093663
9074416
292612
4093713
685849
6715181
2520912
7763822
3569525
5666828
423957
3307606
6191207
9070953
9074855
4767431
5138069
5011653
2259149
555271
4880673
8681765
2914604
4225326
9202059
3085371
2128233
8026579
686566
3216468
1866271
1210921
4880940
6715964
5929551
8813153
5012067
2785608
6191783
1080012
1342210
5012232
6060827
686892
7764783
3177330
7240619
6192069
2784209
2604881
6192116
1342487
1997859
5798948
31851
4226207
9075907
8027334
3177701
8420584
6799231
2583100
4226441
1381616
2260402
8385276
1998374
5668461
5029821
9076398
1884105
1998542
2129615
2522833
1212141
7944509
4110696
8683275
1469058
3440432
3047219
6061917
1343344
8945530
5144447
7913451
6193071
1474536
4489262
1081402
426071
2392171
2670616
6193321
8945836
7897262
8290517
4358410
4702258
3440971
3047789
7897456
5538163
295363
6586829
8552956
9077250
1081870
1999402
1212989
2654795
5538381
8553046
5292136
6193801
5538478
8028872
1606402
1475338
2130705
1213238
3572541
2692585
8422271
5800834
5292196
3968473
2408615
7898123
3834905
9077796
7111717
295980
33904
2627098
4199963
3999032
4228299
5276879
1475841
2262330
2131314
6194552
820624
2131385
6981070
3048924
6981086
1869283
8947195
3049033
4228694
3549500
7243413
2015514
7143157
6063828
6850263
8160999
558864
5801749
7105505
1214327
165815
3966925
2000858
2394088
6064126
4360204
5539947
6850671
2001012
3049590
1476728
34994
7243970
3836156
297219
2132254
5015860
4491595
2263391
6530494
4877387
2394577
4491804
952870
8686123
297537
7244361
8686235
1608404
1346351
4229988
822122
428961
4964857
551122
3501225
35844
6144528
5445481
4885632
429207
1346714
4492462
2059465
6362999
6982878
5139669
5016899
8031585
2919784
3444074
3968403
5148074
4724640
1478101
7769569
1404161
3182107
7376482
4886134
1740422
5672595
5148309
5445576
3575499
4624082
298715
1740539
2920193
167686
7245588
8949563
8818501
7520909
6328168
8132583
3313550
8425362
2396053
1478656
8294422
1085623
137247
5077171
7377107
3707093
4231408
168210
430370
1478957
2527561
1610113
7477323
6590971
430588
5411339
1085996
3838515
7115327
3445315
8608081
3314258
3838607
8819353
4887230
6460146
8426319
3838859
3130179
8688534
955329
8295384
7508954
8647375
5227350
4419078
562253
2659433
5674136
431279
2790582
4101374
8542637
38179
300324
7771434
5805387
2004378
300492
431597
7116325
6198834
2397828
8296098
7378661
1218302
6057607
2322061
4757352
825197
4419219
4495239
3708816
3839950
4626389
3839967
694259
6013953
6068239
3577889
2660413
6985790
8034381
1087570
6985836
5314920
1841515
1742985
5806234
398473
2322134
1480967
6385374
8821119
5806511
956908
1350147
9083406
4364841
8559160
4233788
7117465
8821512
4234002
4365085
3589253
4496169
826164
3840838
3605335
3807720
8559522
8952766
6593533
1219607
2661404
1470312
433266
6986883
6724869
2584458
2137420
171357
3579250
1875323
3579332
3186153
4725333
2006620
7642777
2924277
7128364
4497177
1819957
3448675
2531172
434038
7905154
3448754
2138081
1875947
6844416
2662423
7827461
3448885
5808214
3055748
8167570
1614010
6463704
5415173
5677333
2531674
6857072
5415282
8351806
8429965
827812
6332947
3841902
4497999
1352293
5677686
1483402
5284510
3842719
7512767
6464220
7119581
2401016
4760319
6595329
3711751
1614605
6988568
3711782
7119746
828301
3056532
2139079
7381976
828381
8592209
5546998
3712027
5547044
7665499
6464666
5424669
1877195
4260025
6464763
8037657
959823
3065402
828895
7543718
4761072
4630037
5023263
3057200
8693321
8172480
6858384
4761234
1484449
1143067
3188397
173753
2795209
3319522
5940994
7644947
5023516
1361543
7776047
3057473
1615714
575122
6596481
8431588
5023763
4499512
5548117
4499551
7907480
4630715
2402494
2533621
9087285
3975539
4499859
6123938
2271713
3968797
5679592
5941737
6466101
2927192
4631182
5679797
3320512
6335196
2140898
1616652
1223512
8432495
8723615
7252925
4762560
4107216
1879007
4500465
5811210
7515150
2403350
6990875
437281
597169
961593
3320914
6713878
6859914
1748163
3845342
3452154
3190020
3065729
2927903
8826199
7646635
6600638
4922629
7609614
6932417
8040098
1224418
1355494
2928362
4763420
6582919
438106
7122825
4239243
791479
7254038
4763760
6189761
6467763
7202965
962761
3322101
3977474
4048944
1880404
6074743
1487232
6468009
5943800
3453444
3322377
6337056
3977765
2536008
307796
45660
6599272
6976025
2667159
8565400
6468326
2947664
8172355
8434517
4895589
3847090
252574
8172577
8696889
8696895
6337633
2274502
6075592
3585233
1488089
1488114
3060985
3978527
1362144
5420385
5027183
8828304
8304024
9090476
4420518
5027305
2274798
1619447
701976
833075
1619516
7386759
6207162
3061440
7780066
308989
7386895
4634385
8042279
6207360
7500779
3454857
4110248
7649210
833469
7256016
440299
925352
3979261
3848207
7369735
4092937
964678
4634715
2148717
3896345
1095836
7649464
6338749
2406615
6863067
7697451
5683470
3062075
990950
7631934
5159339
5683665
5421545
6863422
4110995
2319151
6994601
3848911
8436439
3033560
5684033
4897623
4945047
6077327
5163502
8043452
7369888
7519225
6994958
4242531
1340604
6732913
572560
441514
2432882
1883314
2276541
3849427
8043746
4242678
2826119
5291323
572745
3587499
5422508
703947
3325390
5291504
2407922
6471161
3980808
441885
6733342
2407998
685325
4505202
2408120
7126737
3456724
4505314
4112121
7501098
5029685
4639374
5160858
7389117
4636623
5816286
5029900
5423122
4374577
7651378
2146361
2801729
532491
4898924
4767859
5685396
4486512
3588314
49460
5161323
1360252
4374934
1884614
5554653
6865416
1360512
1491597
4375194
7127720
1360577
1009865
3588845
7783156
2540298
3588875
2540316
6976990
3044832
2671432
2278219
8045422
7783306
8045550
2671631
3589151
8045605
8272438
6997036
7390285
3982449
3196022
3064965
2979366
836840
5031156
574723
5293324
8308032
4375894
4113778
1230241
3458485
7521726
5031397
4319254
4245030
30302
8106604
6080073
6211172
6889745
7783631
5424762
3327623
9094807
4507305
6866651
5687038
7128844
1623826
2433333
2279234
4638572
706421
4114305
3065747
313256
7312276
7653381
4638743
1624168
3459186
6867081
2672794
4769962
444640
3197205
3328288
575811
5163414
8440227
5949905
1362435
1100366
182894
6081154
4246186
9095885
8877860
336335
1362654
9167222
3066645
6998810
3066695
8178526
6802579
1493899
3984311
2804712
3197990
2804850
511169
4377738
2018496
3045239
5033210
7785740
5697452
5207967
8921675
8572362
7917023
6999527
7261686
6082089
1232477
6217134
2127815
5946791
5689058
1101540
184045
7024277
184052
1778302
315148
9096493
6737734
7524169
6475594
6933818
3198824
4530839
3723181
3854307
3897341
3592193
2936854
2019351
4902950
316020
577596
5558384
996888
9097372
4247716
2019535
8048857
2937068
7131380
3068220
8573260
4510038
7574229
4530931
7655877
3985862
709132
6213040
7611149
8966747
3330660
7524981
5034667
2937520
5952250
3664787
8704795
3068717
1364848
8442748
5559202
2151335
1364905
5297071
7001010
578487
5690309
5297133
3411648
5035017
6738977
4903971
5166183
1627244
7218024
2151559
709851
7001322
4705837
3963097
2807089
8967517
5166452
1276137
1889666
4771394
8443313
3679137
4642270
3200510
2020885
5428764
248268
2630577
4421896
2106291
8705615
4773487
1232499
8443603
4773744
6562792
6346622
3725202
7290588
4996838
2543267
2938837
1628176
4606653
2676772
6740006
4905016
3725382
6191465
6346883
186516
4118743
9099496
448798
6614099
1366374
8706415
8575379
7658019
7920192
1759840
842342
1497727
5167755
6347421
7133858
6478517
842423
5429963
5561059
2022226
3726195
8285732
842675
8575953
8969174
5954523
973798
3070978
6872080
9100323
5823589
6478978
4959975
7920784
1473056
5037257
6741211
1629416
3857644
5430535
5299487
2346902
2678223
7396835
2809384
843306
8267021
3989134
2227803
621178
2893097
8288908
2678624
6279142
4120502
9101276
712681
1363973
4644913
2547792
8708180
2678872
57548
4382974
5431572
844094
3417487
6361027
4120937
57712
319871
2417057
3614111
2740314
1499680
1106539
3990148
5431973
7135926
2548408
6218443
8315610
7398116
6218546
8315704
5169997
5563218
4252505
1500031
9102208
2417545
4776848
6218683
2679805
6738103
3046258
6350013
5956805
713949
4375357
2024718
3204373
7922994
6350158
5711417
2811237
189839
4253072
5973572
8185270
1238538
1521854
5695034
4772106
1560858
5318256
6219431
190165
321259
59135
8316760
976756
774464
2609476
190366
976818
5171167
2156522
3860476
976968
8448129
7399576
2549956
7661796
5187281
1632515
4122899
4516120
6089033
1632625
3024618
5733440
8055232
5564868
8242208
322040
58883
8317472
4516416
8055391
2157209
2419410
7138028
4123373
3205873
7531280
3992383
3206000
4523650
2026378
9104275
6745029
3599329
1108988
8449021
3075086
3075097
5041189
5958702
8973374
3861575
8973472
1764514
7400621
4685003
2813156
5733588
6483221
1502509
6345268
5565754
2288970
2157902
4859797
1240491
5777312
512599
4517413
8973872
1633885
6323481
6090397
7794340
978705
3469079
5821060
7415775
1765207
4969105
5304169
7925643
2981189
8450055
6090807
4124746
6847843
979041
454818
556402
716979
7925970
8843477
2683111
3731690
3469679
5042556
3207572
8712605
6222244
2552231
7664117
2683382
9105916
193028
5304870
4576007
5698121
5829197
4649560
1255531
5304976
5042953
3339022
455461
5043010
7271259
1504095
4313925
1452188
274173
6091704
8319932
5305278
6747078
3396440
5829659
8320029
2290718
1168222
6878272
4387910
3951973
3898894
5436504
2421855
5174458
3077311
2553040
2500822
5960977
8582463
718189
5305735
5043632
4650419
7402977
1643156
587324
5437061
4519596
8189621
4781782
1898231
8976165
2946909
4126580
6748030
3602330
1636293
4388867
1228545
5306441
6224028
8377370
3602592
3789676
5646715
2423023
7141616
5044547
9185678
8845716
5850585
2195186
4520376
6224317
1767871
457191
3996154
6748676
1136907
3734103
8976986
2292320
5514524
981661
3734193
3996346
6355645
7273174
8452840
661182
6617886
9108273
4127551
6867532
1637240
4389755
2554767
457619
4389786
4389802
8321978
6641440
3079157
3122781
4521016
326742
8224622
8486772
8060105
4652266
7666960
6426731
5700885
6225175
2555185
195895
5422004
8191398
6214902
3341772
2031075
5307883
5570136
7798396
4521648
6749908
8399483
982818
720685
1695609
1900338
851763
5963574
4095973
6094722
589716
1114009
9109410
2818024
6356999
3735562
6619157
196667
3735627
8192093
5144594
4653183
4522127
7930024
8061222
983399
6881662
2687385
5833122
6357439
721408
5833227
852519
2425447
6095493
4391579
1639108
5309170
2294539
5833500
6095652
8586050
2551090
5309278
3998588
4358293
3605459
590823
6095907
5232141
5964916
6751356
8979606
928623
2032800
1508573
3081468
7144762
7669051
3081539
1508698
5309807
1770866
8586637
4261266
4261278
2557365
3999179
8193489
3737093
1508889
8455786
460400
6620807
1509000
3606207
3737288
984780
1771216
8586981
8312288
8324855
1115980
4917069
853873
4917113
7669628
3082112
2951073
2426801
6752194
3475397
2688970
6359047
4655139
1509415
4917331
329868
751144
3213538
6097144
985358
6097190
985419
5966178
1902947
199116
6228431
723458
68102
5048865
5835330
4917857
3738279
8063663
4131559
854771
5049088
6359842
4183861
3083115
5704634
461776
2296785
3572227
8719387
4380506
9112690
6491263
8850583
2165942
5647568
7802089
6360309
5442810
4525318
2034956
8981780
2559253
5573913
5180725
1769926
3870065
4525496
8719826
1117653
8982049
3346012
4263525
7540326
2166397
5574282
2829591
6491789
8982201
3215054
1380080
5705471
331523
200464
5312313
593729
1773435
2428867
3084234
724949
1511425
6754350
8443920
4657289
594081
2691250
987318
2429176
5050622
200996
8065318
69936
5574963
6885684
7410011
3215708
5575014
4133236
2167157
201082
7016868
5706154
7279020
7410114
987605
7089574
4002284
7803427
5444192
3609185
5706341
5444218
8902765
1905298
6886076
332497
3478259
6624018
4789019
6493026
4002684
4395921
2560953
4424523
5837830
8197143
2298962
595048
8066236
4265158
4134087
4789501
1057552
5838183
1512813
7411054
988560
8590738
1512902
8853011
71232
7542418
71363
2823919
333559
3610381
595762
4468363
4003657
7542655
333715
2561988
9115625
6363135
6887443
7673882
333883
7018556
4970849
3610770
1628529
6412662
727256
5445856
4659536
1120607
8722842
2764540
8067591
8539406
3217977
1383012
3873396
3086978
561067
8723102
4315589
2300578
3611316
465602
4660007
990006
5798497
8461137
2825044
2693980
6495114
2563006
5315519
5970920
8619178
8068111
7543939
33986
7007481
8723701
6888709
5446933
2294463
6364498
8723840
2218564
4005289
5053932
3481098
597627
8461948
6758105
3350289
8724289
335763
3743685
2957445
4643536
3118731
991515
1777955
1384749
6496564
5976127
74152
598468
1909191
8844991
4268607
4006474
7152250
7767487
2302598
2171535
3220114
2695829
1647259
6103724
4924080
7414471
8594142
4137700
5186295
1123075
4006668
7414545
6587866
2827053
2302767
1254201
1254206
5186370
8070005
7545731
6103942
6876605
8725435
5186631
1647725
2958453
2872808
2827398
3089563
3748049
6085502
8714644
7546131
3089707
3089802
7546325
2481060
733434
8070626
6497780
2983513
8070698
3221040
1123911
5583119
6366922
7153468
2172801
6104968
3483562
2566064
2566090
4270032
2041862
4925524
4270197
2042005
1432603
993514
1386756
7833305
1629231
7416113
2697535
8464721
7285087
2042272
5319079
7678384
3484093
2697673
600528
6236636
4139498
5974583
3484242
3289536
3746440
3484311
5974722
731864
994044
6610061
3615580
6368096
2435938
2435990
4008860
8334268
8727501
1256409
5319675
7941145
7679004
6761555
2436185
6761590
2944481
1387746
8990075
5320214
4469340
6893119
601680
5451352
4271711
2043501
8859272
6500065
7155500
5189462
77678
3616625
3616643
2608207
3223499
8466407
2808979
6107188
471154
9121912
6500500
1257626
4950043
2437287
78033
6762746
995637
4272438
78158
8204655
8030293
4272687
6369863
471666
3617399
7156353
1214572
4141801
8467191
5321464
3879724
3093306
4010817
3748730
2044834
8598502
7812129
7287850
3377333
78963
6108358
603377
472333
6894894
4011385
5715386
2831830
5191156
4797945
1127960
7943707
1652266
472651
7419522
5365361
9123502
6764214
1259245
734991
4405037
2787637
3749769
3094441
2308016
5846961
604097
4536283
5191662
7265961
2177075
8730677
7288888
4667483
7813230
5322874
6764674
2570418
5585075
3619043
6895845
5716204
7682370
5323105
735630
5192106
8993275
5454423
866964
4143868
7331626
5323522
211735
4012965
2571194
5585859
8600530
5192660
6110173
5627729
1522674
9124876
3619914
3882151
1916105
8731850
2702581
8076587
3902015
8732037
6897042
736670
8469925
998865
3096064
6372871
3227154
212527
2440783
999010
6654579
1523414
5979951
2635061
1654594
474974
5717859
6982291
7762841
4800402
344080
1392681
999479
3227884
8864001
3621126
1786127
1786143
3752259
6589155
7815517
3096944
1393018
842895
2441730
606724
4666799
6242947
7029469
6898404
82726
4539184
5456732
8602519
8078278
1892518
2180084
2180164
2966622
4277363
5719175
2966708
5326009
6239776
1054618
5326113
2442590
2442595
2442630
8315122
4277711
8861287
8996461
7685756
1525399
2442910
345791
1132247
8865525
5326643
2049853
7686002
477083
1870832
7817124
552723
3491827
7965701
7375887
1739801
2443451
3754182
8734964
8866076
2443571
5458236
5720395
8341862
7686526
8293444
6480282
3623345
8997332
6510314
2705988
1264200
2968137
4409999
603929
2444034
4672310
7424917
577551
2313126
756892
3492800
3754986
8997890
4803611
8604735
4017253
8473703
4973076
4410496
3099820
871609
7425227
7687424
1193857
216362
4672860
740713
3231143
8605111
347588
5126049
7425536
4935172
2313790
6377026
1134177
3116305
443669
713333
7950032
2599745
2445060
5590861
2576280
2838442
4018122
6639572
3624976
6770723
1921094
3127863
4339726
8081542
5722293
5344629
5329119
1790216
5480347
3100981
4673849
8970976
3625340
1397158
7688634
7950796
2707939
7164419
479781
2052647
2183750
86607
4936276
1659599
7426781
7426796
4543218
2315006
2708225
6902543
4936495
298467
7070527
349052
1135498
7558033
2708409
1526114
6902752
7164901
8737818
4281375
8082471
6509623
4674669
6771842
3757231
5854387
2053318
6327841
2184392
4412645
2308307
3837483
36399
3364142
7689534
8317322
2315657
3102129
7924518
3888607
4281890
611907
5068378
218753
3575409
5330609
3888889
1398569
2578220
4020046
1398657
8141123
5978438
4282278
1398710
2185163
6437202
7048872
6117390
613967
7952461
4937819
7035002
5986453
4151455
3357041
6772937
88304
6248707
7559432
6328024
7166385
612807
7166413
8739281
4282880
9001473
3365421
7952953
7821886
3889787
3365512
7953039
8687387
2579154
6118115
9132806
3234576
8608533
3234604
4938574
5593978
1399712
910501
4938803
6118462
5201002
4123078
875678
1268974
744736
6249805
2221286
875897
4808061
744879
5856758
9133593
6250034
4939316
351803
1138241
4284006
6774406
3497614
1893661
2318045
6774532
3628865
3759968
8478564
3759991
2842492
8085433
8609752
8250706
7079500
6643725
2973777
4624412
5464281
8872172
7692529
6906119
2318623
4284722
483660
998115
3367262
2842990
90522
3236269
7823797
8741304
6131788
5202384
1008112
5988859
5988889
6513196
2187847
8610410
4416136
6251152
4416182
3367657
3498734
1401588
484125
4668215
2843501
2974579
2319293
615401
615421
6382611
4154389
4809762
3105832
2450497
6382664
484450
7431290
1795199
1401995
3237020
2450604
6120701
5858606
976436
1784714
7333431
5039677
91521
1533318
1009032
5334417
746899
1926560
7431590
5203492
7169606
6907476
7300703
3761768
5465839
3237667
3761956
2713384
2844500
1533817
7442759
354263
2582495
1009674
1271849
9136219
5728364
878741
408607
4286653
4548830
2888024
8612204
4417919
2976187
6743799
8743379
3500509
8612351
6253069
8350234
6384186
5105427
223896
4549324
3893994
1010469
1534782
7464765
2321285
4942745
7433121
5083636
5073865
2190329
7006040
4025432
5205081
8219756
1928307
1010958
7040340
5991779
4040297
7826840
6778271
5205408
8482244
1928652
3894735
2440444
5598727
9137679
5991978
5074484
8671059
8797450
4419136
5205633
6778565
5729998
3357987
4057041
5205757
93998
3489077
3764179
8220630
6778848
1142803
8876067
5730357
3633207
1370124
7827564
3371120
1929329
225439
5075187
1086166
3633422
3764496
7434557
1798471
2060627
4288864
487790
8352132
4887281
5468678
6910473
3502611
1012283
5075520
4420181
4420233
5206680
8352409
4158107
1501298
8745665
4420301
2921252
7697160
7041806
1667870
6386529
3896174
6255511
7828381
1536929
9008050
7697378
5848575
7435296
3372066
7566385
1945468
8352876
619638
3241080
4136376
8877219
1543853
4690808
3110109
8710386
1013200
3372633
1799774
751224
1144463
2979500
6125261
3503837
5338916
5863208
6649666
4552523
8222543
3110766
5084137
96134
6518671
3445775
5732444
8353933
358563
3504306
3373320
2980112
6912285
6650150
2856002
4028840
3373506
2456016
2062872
8841647
490032
2325114
2587260
2659437
6569753
2681286
2456243
2587352
4946665
6912762
3373881
1014619
6388593
606018
1014687
883618
8223673
6126524
6781896
1932239
3242983
5602283
228387
4553767
3767350
1392481
8142698
6126770
5471435
9141462
8617186
490724
1277162
5209359
1015078
4160825
7568759
5733791
228776
8748485
4029903
2617603
2719222
8879608
6651395
1408556
4816439
1801820
4554352
3374708
6258309
8093338
6913699
884409
7268983
4816593
2588411
7044874
1933096
622388
4385418
823799
2547785
1540010
8486857
4685828
2353838
5734424
204043
5341245
8208398
1278055
2982031
4161688
2637853
3113140
4161731
8224968
3375345
1016064
1278221
1016087
4948332
2064761
4424067
6914450
2589081
6652325
1676701
2064823
1480096
1933778
3923463
4817425
5587034
1770922
4031030
6128235
2065055
5079714
5341872
2458339
6521573
7963449
492393
3861311
8225677
4686775
2458556
4424643
3245029
5473258
1016811
6679379
7465816
1541198
1410189
3900567
1825020
3638438
6166810
2327733
9012443
1017088
2931909
4424982
7046431
2458964
8488278
5871168
1174429
7833080
2721323
8357461
5867094
8881754
4032151
2983616
493256
5211893
7571252
4949819
2721608
2328415
7571342
6784931
2983863
2197439
755704
9144321
1542174
5867591
9144394
1804368
4556903
6260869
1017992
3901580
8489152
6392024
1804506
2328857
4688161
1542528
1149352
2197934
5958740
100867
887322
2853411
4232968
5343870
7309977
756389
363188
6392601
2984784
2853717
6785901
7572366
8620991
8620996
4951010
2198499
5344252
8752144
8099675
4557900
2272929
8621156
9145449
4820100
4820113
2460874
1019095
3247387
1150243
5606716
5999942
8042836
1958697
2067968
4820509
2199107
626259
2747673
7966401
3053519
5345019
495369
7732967
1019696
8359729
6352191
1544065
1937346
3379220
4296773
8622156
2725904
9146481
1020046
9146525
757965
3379419
3117288
1675498
3117317
5738794
3903835
5345657
1282445
364993
8491495
7180785
5434801
2200109
6394445
496212
7335354
2200215
6787740
8229536
1675941
3248848
627439
5194538
3708913
2462491
365341
6394655
2462528
4952933
365462
889758
3748199
432286
9104885
5084099
1676261
4167855
1676326
6476029
6526106
6263977
3773658
8230117
2987241
6526190
365838
365842
8230185
628023
3118477
230413
1676722
8885690
1545667
2463194
5477858
8492517
9147918
6133272
5609007
8427792
5215842
8361618
2332319
4036259
3249843
3241941
9017179
497540
2201509
8034632
6527039
1677393
8755286
5478494
2988131
2289342
6527095
6002822
3905675
366734
2905890
235778
2857234
2988323
7051565
5085547
4146240
6658487
3119590
3906027
7576071
3774987
5741069
2464364
4561531
3119794
1940238
4561699
2202424
4037439
7313899
5217236
1154041
7139157
1022993
7183380
6790198
4168775
5398062
7838814
7532393
3120265
5610680
892114
2858264
5610780
7970135
5479770
2071902
892277
8232323
3251592
4431257
2660941
3644883
7030009
892449
368200
3645001
8625780
5611166
2879429
4648902
3645108
499391
5480155
3622188
2989843
8101665
1154883
4169547
6135662
4169663
5349333
3514363
1286140
892960
7008274
3665940
7315593
1417369
4038832
2859245
9150721
893210
6529336
6791487
5611904
4170217
6922730
8209836
3121683
8757785
107056
9019968
5087845
6964977
6660733
6964674
2073240
7447197
4563651
1155804
2073326
2990855
3777365
4301657
6549648
6398875
7248731
1418288
6530114
2991233
3122371
3405894
6268232
894289
7710040
6268265
3122549
1549689
9020796
8758724
7579094
501248
8496690
5219909
323860
4433571
4168647
6268588
108243
4171477
370406
4958044
3778405
6268784
1157004
6924207
1285109
239597
1288183
5351531
1812604
7448724
5875890
5351607
8366275
3647721
8759561
764230
7055701
2599272
3731858
5613957
1157511
9203693
5089707
2971503
3910093
4172239
1944022
1591040
633369
764476
6812085
1157705
5614156
4434545
895611
1419930
3910310
4172530
9022239
7423793
8760163
371579
5483410
5483438
1289143
5090239
1289184
9153510
8367083
633840
4041720
4566014
5614688
4911640
2075807
2469039
2206905
1944800
503033
4496603
5877032
1944880
3779941
7187857
1420754
8498650
6401528
2469392
8760875
3649068
3255885
4042322
9154151
7057042
6615662
2076329
1945272
5484220
8361728
6571985
1683204
4828947
4042547
3387217
5632656
3780476
372651
110531
4960230
1290278
634984
635047
4436141
2596213
5323672
3911893
2339081
5746954
1159456
6681320
6795638
1552766
1945995
5747108
5222823
5878208
3388058
4436636
766624
897701
4698840
2208476
3666750
1422231
6402969
9155486
2339762
8500151
2864069
6637729
6140881
3650563
3126278
4305937
7730039
2995415
2340070
2356093
4306168
4961532
4568339
2995502
8762685
4671722
2864512
6272387
1160611
5879216
2471353
2602481
5486073
8369687
2864670
4568626
1553988
2661987
505511
4955764
1554129
1816305
1947471
7190388
6703426
1423247
4306834
5486528
3651570
1161225
7976975
112686
1030193
3258418
3782710
4831300
8108116
112736
8632421
6011034
7583908
1816767
2603238
4438252
3520770
375077
1963060
4822193
244074
8108457
2210233
6273468
1030597
9026034
2996775
3404897
768611
3652244
2341534
6273717
4569805
2210530
4438775
6142712
2472735
8108838
6011687
2997036
1256395
3783474
2865990
3907385
244653
3601568
244683
2072400
7977975
8764445
1701041
2997310
7584831
4176962
1686600
5764280
5327379
2211005
4308231
245028
2211122
5094725
4832621
2342268
5619070
7716250
1162740
7192071
2342469
5357173
245379
4308647
5881526
638657
114380
5226199
2342667
2473747
2080536
7192350
7978785
7454505
281225
1818449
8765291
3784592
6668189
245671
3199936
638937
638949
6143978
8342199
8765517
7774222
3522655
4964473
1425574
2474177
1294562
7979248
3704940
7708713
4309243
3391742
3260703
5488935
639310
5620047
5289268
2343373
3995048
5882373
3260968
4178534
4702886
1985325
5327672
2999157
2868104
8242063
5621270
5751732
770998
1002318
1046015
2737156
7324696
1950788
2606213
3916959
5227695
2344244
2999605
6800707
247148
5490055
2213296
3524038
7456218
8320595
8766969
1723310
2213533
3524273
4441792
259702
2213691
4179781
7587658
8898379
7325532
2475877
3655568
6145959
4691379
8505264
1504927
4442048
8320677
6873641
116716
4075984
7981098
2082907
8505463
772261
6146215
4573390
4966633
4953261
7891855
78095
4442449
7195024
5884312
5360033
5622183
5360051
1427895
9030096
1952241
1121223
3918392
7588412
1002592
2083402
6277725
8374881
8374915
3000974
3056068
772788
5633825
2345679
2382575
8637256
8637326
6802401
1821690
1821692
7064573
514571
4836394
4574366
2608298
3919034
7883979
3263712
3798910
9162070
7851384
118203
5677816
1429050
118355
5230176
6409855
6540982
4443835
8736038
449128
7065362
1953563
249630
4968223
7851834
511809
497141
3133292
2199304
6672289
8769476
6672336
3002336
9031663
4968441
4444155
2347047
512040
774199
5754941
3582868
4313284
8507619
7969213
8376583
3264801
6410543
2347312
7721275
4739471
3274811
2740595
4672917
3964625
905653
1823183
9163337
6804079
4051617
6279872
3003176
5100352
5624664
9032540
2741162
2610150
2085871
2348035
4051977
8246322
513096
3789969
1692824
4707483
6935797
2348295
7198041
1824115
7460213
7198081
8785417
2086285
644503
8508848
2348490
7655009
1824220
6936031
4445701
906809
2348615
382562
6542955
906861
4576918
9033417
4970229
7460604
513845
2217816
4446044
251742
6018927
4192580
3135392
2348970
7460802
4979028
1824830
1038468
6281367
1112433
6674606
1169624
8640764
3660032
6281476
6150443
5232957
3135814
8772102
907809
907820
4053599
3136175
7294762
4709120
908090
4053842
8772460
2349974
646046
8117164
908256
908294
6937612
8343385
1301533
8379436
5758018
4578383
2219117
7986396
3373475
6413557
6413568
4578571
4826328
8903976
908624
8379789
4185488
2481619
3661314
1170951
6552153
5103158
4447811
2600967
7593562
7200359
889426
5758668
4185815
3661592
7593770
3268400
6020936
2510827
2088856
2875376
1433652
2875478
6414424
2613379
7331986
8773779
2142712
6283458
7950371
6021383
3268880
7069971
1040661
6283557
7594316
2351438
8278076
5759346
8249731
4317572
6152590
516540
4710874
6021622
3138077
3793447
909864
2744940
3662463
6939273
1658993
8774319
5497549
4186857
3531502
7201531
4842252
8619822
5154268
2745144
2220861
4695524
2423612
8643597
648224
7332906
6808630
2090079
4233349
255073
3662958
8474813
2205203
6022272
2483365
6939829
5629142
2221272
4730190
3532018
1041734
4935907
3794310
4056481
386526
8775151
3007987
7857667
478304
4449850
2221628
6940225
4280601
8234613
4712140
2806173
5105478
3079141
7202721
124845
8120273
3139558
3270640
7994375
911407
518200
8942700
4188277
3795080
566978
1829050
6023357
3581656
6224943
4843846
7465344
4319659
387500
4477341
8780874
3008987
1829406
2736370
5237392
7011438
8514236
5368558
6537874
2574890
7465828
3664783
1043374
4058043
6941630
6093985
257027
7404729
4958065
1222515
8908004
3796205
7597334
3472605
4320569
3472611
2485596
8296796
5238208
2485743
6680120
6549057
2992060
8082028
4451983
1568454
8488845
8792699
3242693
4714231
388916
2355005
651073
520032
126855
7991213
2970273
7335897
2617325
5894137
3210594
8646781
127120
8384663
5763252
7205081
2355429
4923121
1962263
3141986
2224492
3273141
4321755
3928552
7729688
1045020
7860777
6812232
3142222
3142240
1831521
9171557
2749033
4846202
8123007
3535511
4977307
64966
3142311
258762
1135394
9040609
258797
6550315
1528627
2487106
9040718
5632865
3273570
3822397
1045422
5501930
4434251
2356268
8254529
2260722
7730330
5795986
7992498
6026452
8385765
6157555
128328
1570125
453819
6681957
5240186
390565
4978147
2225660
1701466
1701486
1701489
3667595
8648339
3012264
8517362
653044
7075584
1308500
3667806
2750313
981123
3405760
7681487
1964047
7075863
3866291
4464838
4454470
7096644
4454510
6682782
3143854
7275593
4716731
4192519
2905135
1900251
5032234
3799453
7469487
3406275
9173473
6683159
7862978
8649444
3537652
1675933
7207691
1309513
4979629
9173978
4726740
4455468
5897264
523352
5635237
4586663
3013880
6552839
1572113
5988097
5504288
9043236
3880034
174557
8650166
3057759
8519138
5766639
8388086
2096652
7470605
2051308
6553131
523845
7863959
261815
3407580
4325119
6684424
5766972
3932058
4456347
8973451
2359267
